

'2019-12-05 00:00:00' and '2019-12-15 23:59:59'   第一周
'2019-12-16 00:00:00' and '2019-12-22 23:59:59'   第二周
'2019-12-23 00:00:00' and '2019-12-29 23:59:59'   第三周
'2019-12-30 00:00:00' and '2020-01-05 23:59:59'   第四周
'2020-01-06 00:00:00' and '2020-01-12 23:59:59'   第五周
'2020-01-13 00:00:00' and '2020-01-19 23:59:59'   第六周

select count(*) as total from (select count(*) from ( select * from auto_check_v3_tickets where (created_at between '2019-12-16 00:00:00' and '2019-12-22 23:59:59') and address_code not in ( 429021,429006,429005,429004,429000,422828,422827,422826,422825,422823,422822,422802,422801,422800,421381,421321,421303,421301,421300,421281,421224,421223,421222,421221,421202,421201,421200,421182,421181,421127,421126,421125,421124,421123,421122,421121,421102,421101,421100,421087,421083,421081,421024,421023,421022,421003,421002,421001,421000,420984,420982,420981,420923,420922,420921,420902,420901,420900,420881,420822,420821,420804,420802,420801,420800,420704,420703,420702,420701,420700,420684,420683,420682,420626,420625,420624,420607,420606,420602,420601,420600,420583,420582,420581,420529,420528,420527,420526,420525,420506,420505,420504,420503,420502,420501,420500,420381,420325,420324,420323,420322,420304,420303,420302,420301,420300,420281,420222,420205,420204,420203,420202,420201,420200,420117,420116,420115,420114,420113,420112,420111,420107,420106,420105,420104,420103,420102,420101,420100,420000,-1 ) ) a group by user_id) b;

select count(*) as total from  ( select * from auto_check_v3_tickets where (created_at between '2019-12-16 00:00:00' and '2019-12-22 23:59:59') and address_code not in (429021,429006,429005,429004,429000,422828,422827,422826,422825,422823,422822,422802,422801,422800,421381,421321,421303,421301,421300,421281,421224,421223,421222,421221,421202,421201,421200,421182,421181,421127,421126,421125,421124,421123,421122,421121,421102,421101,421100,421087,421083,421081,421024,421023,421022,421003,421002,421001,421000,420984,420982,420981,420923,420922,420921,420902,420901,420900,420881,420822,420821,420804,420802,420801,420800,420704,420703,420702,420701,420700,420684,420683,420682,420626,420625,420624,420607,420606,420602,420601,420600,420583,420582,420581,420529,420528,420527,420526,420525,420506,420505,420504,420503,420502,420501,420500,420381,420325,420324,420323,420322,420304,420303,420302,420301,420300,420281,420222,420205,420204,420203,420202,420201,420200,420117,420116,420115,420114,420113,420112,420111,420107,420106,420105,420104,420103,420102,420101,420100,420000,-1 ) ) a;

select count(*) as total from  ( select * from auto_check_v3_tickets where (created_at between '2019-12-16 00:00:00' and '2019-12-22 23:59:59') and address_code not in ( 429021,429006,429005,429004,429000,422828,422827,422826,422825,422823,422822,422802,422801,422800,421381,421321,421303,421301,421300,421281,421224,421223,421222,421221,421202,421201,421200,421182,421181,421127,421126,421125,421124,421123,421122,421121,421102,421101,421100,421087,421083,421081,421024,421023,421022,421003,421002,421001,421000,420984,420982,420981,420923,420922,420921,420902,420901,420900,420881,420822,420821,420804,420802,420801,420800,420704,420703,420702,420701,420700,420684,420683,420682,420626,420625,420624,420607,420606,420602,420601,420600,420583,420582,420581,420529,420528,420527,420526,420525,420506,420505,420504,420503,420502,420501,420500,420381,420325,420324,420323,420322,420304,420303,420302,420301,420300,420281,420222,420205,420204,420203,420202,420201,420200,420117,420116,420115,420114,420113,420112,420111,420107,420106,420105,420104,420103,420102,420101,420100,420000,-1 )  and check_status in (11, 20, 21, 22) ) a;

select count(*) as total from  ( select * from auto_check_v3_tickets where (created_at between '2019-12-16 00:00:00' and '2019-12-22 23:59:59') and address_code not in ( 429021,429006,429005,429004,429000,422828,422827,422826,422825,422823,422822,422802,422801,422800,421381,421321,421303,421301,421300,421281,421224,421223,421222,421221,421202,421201,421200,421182,421181,421127,421126,421125,421124,421123,421122,421121,421102,421101,421100,421087,421083,421081,421024,421023,421022,421003,421002,421001,421000,420984,420982,420981,420923,420922,420921,420902,420901,420900,420881,420822,420821,420804,420802,420801,420800,420704,420703,420702,420701,420700,420684,420683,420682,420626,420625,420624,420607,420606,420602,420601,420600,420583,420582,420581,420529,420528,420527,420526,420525,420506,420505,420504,420503,420502,420501,420500,420381,420325,420324,420323,420322,420304,420303,420302,420301,420300,420281,420222,420205,420204,420203,420202,420201,420200,420117,420116,420115,420114,420113,420112,420111,420107,420106,420105,420104,420103,420102,420101,420100,420000,-1 ) and check_status in (21) ) a;

select sum(money) as total from  ( select * from auto_check_v3_tickets where (created_at between '2019-12-16 00:00:00' and '2019-12-22 23:59:59') and address_code not in  (429021,429006,429005,429004,429000,422828,422827,422826,422825,422823,422822,422802,422801,422800,421381,421321,421303,421301,421300,421281,421224,421223,421222,421221,421202,421201,421200,421182,421181,421127,421126,421125,421124,421123,421122,421121,421102,421101,421100,421087,421083,421081,421024,421023,421022,421003,421002,421001,421000,420984,420982,420981,420923,420922,420921,420902,420901,420900,420881,420822,420821,420804,420802,420801,420800,420704,420703,420702,420701,420700,420684,420683,420682,420626,420625,420624,420607,420606,420602,420601,420600,420583,420582,420581,420529,420528,420527,420526,420525,420506,420505,420504,420503,420502,420501,420500,420381,420325,420324,420323,420322,420304,420303,420302,420301,420300,420281,420222,420205,420204,420203,420202,420201,420200,420117,420116,420115,420114,420113,420112,420111,420107,420106,420105,420104,420103,420102,420101,420100,420000,-1)  and check_status in (21) ) a;
